Single Machine:

Domain  IO_ms r_sectors w_merged r_merged  w_total   r_ms w_sectors   IO_cur IO_weighted  r_total     w_ms
Dom-0   35314   860976        0        0      201    79864     4384        0    84997    11078     5133
Dom-2   35988   860832        0        0      519   104632     4152        0   106371    16945     1740

Dom-0   44601  1529296        0        0      365   186836     6616        0   224722    16984    37886
Dom-2   43045   704672        0        0      416   129270     3328        0   134622    13856     5352
Dom-3   43784   818584        0        0      355   138721     2840        0   140351    13945     1629

Dom-0   58870  2401944        0        0      555   321282     9664        0   476156    22086   154874
Dom-2   58079   815976        0        0      406   194483     3248        0   205959    13773    11477
Dom-3   51598   802072        0        0      347   165090     2776        0   169598    13201     4509
Dom-4   51420   779600        0        0      355   162296     2840        0   169226    13340     6930


Dom-0   77177  3075856        0        0      717   538695    13128        0   657183    30697   118488
Dom-2   76386   835056        0        0      435   308142     3480        0   349421    15172    41279
Dom-3   59437   778696        0        0      357   196900     2856        0   203238    12630     6338
Dom-4   57733   782008        0        0      360   185101     2880        0   195752    12647    10652
Dom-5   60685   672216        0        0      374   222698     2992        0   233739    12601    11041
