Starting Test with 2 clients
procs -----------memory---------- ---swap-- -----io---- --system-- -----cpu-----
 r  b   swpd   free   buff  cache   si   so    bi    bo   in   cs us sy id wa st
 0  1 127516 285544   1216 143412   11   10   240   271   32   47  0  0 99  1  0	
 0  2 127508 243608   2192 180244    6    0  7564     9  628 1358  3  5  0 92  0	
 1  1 127508 200960   2200 222580    0    0  8467    13  724 1924  8  8  0 84  0	
 0  2 127508 149376   2200 274140    0    0 10306     0  982 3239 18 16  0 66  0	
 0  2 117508 127056   2208 296300 1998    0  4434     3 1146 7647 42 32  0 26  0	
 2  0 106844 115896   2208 307544 2133    0  2245     0  989 7403 41 30  0 29  0	
 2  0 103212 112052   2216 311284  738    0   759    14 1065 10628 58 39  0  3  0	
tps = 2436.504408 (excluding connections establishing)
     relname      | reltuples | relpages 
------------------+-----------+----------
 pgbench_accounts |     1e+06 |    16394
(1 row)

